AndamanAndNicobar 14.177792, 92.100149 13.079935, 95.133796 9.595810, 92.392090
AndhraPradesh 	18.794343, 84.433808 14.946225, 77.174788 13.414452, 79.869305
ArunachalPradesh 26.912259, 92.131329 27.280225, 92.134324 27.492983, 92.020508 27.514236, 91.685049 27.707982, 91.649107 27.707982, 91.921667 27.864321, 92.257126 27.734496, 92.427851 29.305755, 96.086164 28.500671, 96.356901
Assam 	26.639727, 89.917876 26.693632, 91.503253 26.979934, 93.872684 27.845373, 95.631246 25.835974, 93.335860 24.506919, 92.953295 25.535699, 92.774354
Bihar 	27.314899, 84.084741 26.770821, 85.094004 26.275253, 88.057699 24.665454, 86.748013 24.875848, 85.740563 24.674609, 83.624917 25.831766, 84.682740
Chhattisgarh 	17.923646, 81.167814 18.520411, 80.647243 19.470896, 80.916503 21.070532, 80.503637 22.487387, 81.616582 23.873472, 83.106492 22.769058, 83.986078 20.852616, 82.334611 18.928426, 82.029449
Delhi 28.678723, 77.304334 28.789030, 77.193513 28.844139, 77.211484 28.836268, 77.127619 28.810027, 76.953899 28.639300, 76.944914 28.531467, 76.899986 28.552516, 77.013803 28.420889, 77.181532
Gujarat 22.919315, 74.214068 23.692806, 68.608039 20.474083, 73.095494
Goa 15.744240, 73.861361 15.590034, 74.008532 15.427367, 74.242274 14.913509, 74.058310 
Haryana 	28.123091, 76.155462 28.413465, 75.930670 29.096639, 75.481087 29.645149, 75.346212 29.788316, 76.140476 30.384794, 77.249448 29.240582, 77.024656
HimachalPradesh 	33.168563, 76.911208 32.527534, 75.887624  30.528928, 77.357863  32.118638, 78.521026
JammuAndKashmir 	36.710006, 75.033549 33.153789, 73.805247 32.615627, 78.371324 34.748481, 78.731804
Jharkhand  23.950835, 83.887359 22.310897, 85.180309 24.428701, 86.707328
Karnataka 	14.820770, 74.267713 17.159893, 76.142299 13.873240, 76.666251 13.341363, 78.191535 12.046491, 76.875832
Kerala 	8.367416, 77.083443 12.390055, 74.558317 9.982605, 77.154302
Lakshadweep 	11.986264, 72.721993 10.542496, 71.381007 10.499503, 73.960947
MadhyaPradesh 22.396267, 74.340953 21.696243, 80.439618 24.749614, 81.780191 24.057054, 78.630109
Maharashtra 	19.892888, 72.739465 21.496106, 79.990442 19.603363, 80.309045 19.954861, 78.045862 16.353977, 73.409631
Manipur 	24.701845, 93.128113 25.519211, 93.841527 25.420627, 94.598620 23.938976, 94.125437 24.191562, 93.062595
Meghalaya 	25.087227, 92.403782 25.242495, 92.753237 25.424347, 92.585922 25.737636, 92.382603 25.662217, 92.132134 26.022562, 92.099375 25.701580, 91.189408 25.934215, 90.272160 25.336972, 89.908173  25.218484, 92.033858
Mizoram 	22.170718, 92.778685 23.712559, 92.305502 24.370727, 92.756846 23.378877, 93.193630
Nagaland 	25.475282, 94.661625 25.694624, 94.608487 25.540365, 94.305814 25.587851, 93.772847 25.533605, 93.742062 26.656633, 94.504999 26.979154, 95.164681 25.916023, 94.969644
Orissa                   21.982078, 83.671490  18.173201, 81.777191 21.523102, 87.604222
Puducherry 	11.956149, 79.838462 11.975998, 79.818172 11.954561, 79.807891 11.943710, 79.764606  11.921740, 79.756760  11.977057, 79.721320  11.945562, 79.724025  11.897916, 79.751079 11.909564, 79.782461
Punjab 	30.209903, 73.992303 29.849924, 75.841260 30.568569, 76.849783 32.072434, 75.567013 31.749518, 74.611571 31.077574, 74.753118
Rajasthan 	24.826403, 71.217484 27.498665, 70.337951 29.380755, 74.332937 26.450410, 77.300035 24.547183, 73.400420
Sikkim 	27.236745, 88.048260 27.987982, 88.443295 27.724694, 88.835292 27.190805, 88.707665
TamilNadu 	13.399106, 80.256179 10.941550, 76.830294 10.376417, 77.232509 8.385962, 77.737656 10.304446, 79.865983
Tripura 	24.439793, 92.198401  24.106779, 91.888902 23.958493, 91.381526 23.596333, 91.188724 23.060553, 91.614919 23.745033, 91.949787
UttarPradesh	29.599242, 77.485996 25.672050, 79.807143 24.909807, 82.686678 27.590217, 81.088153
Uttarakand	30.276030, 80.842246 31.370084, 79.055489  31.084436, 78.962267 31.084436, 77.874676  29.764832, 77.944593  28.959146, 79.731349
WestBengal 	21.436673, 88.500251 22.918407, 86.532380 24.408921, 88.248309